%YAML:1.0
images:
   - "imgs/00001.png"
   - "imgs/00002.png"
   - "imgs/00003.png"
   - "imgs/00004.png"
   - "imgs/00005.png"
   - "imgs/00006.png"
   - "imgs/00007.png"
   - "imgs/00008.png"
   - "imgs/00009.png"
   - "imgs/00010.png"
   - "imgs/00011.png"
   - "imgs/00012.png"
   - "imgs/00013.png"
   - "imgs/00014.png"
   - "imgs/00015.png"
   - "imgs/00016.png"
   - "imgs/00017.png"
   - "imgs/00018.png"
   - "imgs/00019.png"
   - "imgs/00020.png"


